10 17
11 32
12 25
13 28
14 40
15 53
16 52
17 54
18 80
19 81
20 98
21 74
22 122
23 128
24 116
25 127
26 143
27 172
28 205
29 203
30 189
31 194
32 247
33 275
34 234
35 280
36 289
37 281
38 330
39 330
40 375
41 360
42 438
43 471
44 384
45 465
46 524
47 509
48 656
49 562
50 539
51 616
52 643
53 680
54 661
55 706
56 694
57 736
58 692
59 771
60 976
61 1003
62 906
63 911
64 891
65 1140
66 1102
67 1200
68 1121
69 1125
70 1073
71 1231
72 1208
73 1233
74 1426
75 1620
76 1359
77 1553
78 1638
79 1344
80 1435
81 1696
82 1471
83 1710
84 1728
85 1641
86 1689
87 1713
88 2000
89 2063
90 1913
91 1908
92 1930
93 2114
94 1913
95 2342
96 2171
97 2517
98 2311
99 2348
100 2150
101 2399
102 2656
103 2634
104 2543
105 2923
106 2750
107 2820
108 3123
109 2649
110 2914
111 3192
112 2931
113 3399
114 3180
115 3403
116 3453
117 3468
118 3464
119 3380
120 3518
121 3195
122 3824
123 3715
124 3701
125 3708
126 3320
127 4021
128 3979
129 4207
130 4037
131 3969
132 4312
133 4721
134 4142
135 3969
136 4597
137 4972
138 4639
139 4499
140 4814
141 4714
142 4828
143 4354
144 5255
145 4810
146 5087
147 5281
148 5272
149 5475
150 5592
151 5859
152 5375
153 5658
154 6112
155 5912
156 5891
157 6331
158 6102
159 5852
160 6402
161 6549
162 5967
163 7178
164 6309
165 6241
166 7275
167 7004
168 7227
169 7161
170 6937
171 6820
172 7526
173 7018
174 7608
175 7857
176 7807
177 7878
178 8256
179 8229
180 8715
181 7888
182 8748
183 7779
184 7501
185 8967
186 8157
187 8273
188 8933
189 9103
190 8825
191 9186
192 10009
193 9028
194 9085
195 9099
196 9706
197 8887
198 9288
199 9713
200 9698
201 9600
202 9008
203 9720
204 10167
205 10450
206 10305
207 9736
208 10500
209 10636
210 11136
211 10891
212 10570
213 11369
214 12401
215 10748
216 10893
217 11465
218 11830
219 11828
220 12222
221 10917
222 12102
223 12959
224 12322
225 12152
226 12167
227 12815
228 13158
229 12393
230 12803
231 12958
232 13243
233 13270
234 13388
235 14041
236 13102
237 13682
238 13776
239 14140
240 15403
241 14125
242 14516
243 15328
244 14987
245 16051
246 15385
247 14980
248 16187
249 15551
250 14796
251 15000
252 15331
253 16233
254 15937
255 15414
256 15730
257 15449
258 18019
259 16249
260 16483
261 16821
262 17560
263 16968
264 19014
265 17398
266 16898
267 17498
268 17478
269 16532
270 18019
271 16954
272 17891
273 18941
274 17910
275 19708
276 18647
277 18291
278 19148
279 19218
280 19721
281 18979
282 19906
283 19913
284 20182
285 20177
286 18129
287 19621
288 21634
289 21809
290 21492
291 20980
292 21484
293 19493
294 22798
295 22228
296 23035
297 21311
298 21989
299 24042
300 22656
301 21850
302 22159
303 24575
304 22922
305 21739
306 22678
307 22228
308 22994
309 22782
310 22355
311 24112
312 24416
313 22339
314 25266
315 25108
316 25674
317 25032
318 24342
319 22925
320 25845
321 24857
322 25450
323 26002
324 25763
325 27101
326 24251
327 27455
328 26239
329 26162
330 26889
331 27080
332 28446
333 26449
334 26322
335 26367
336 26854
337 28324
338 27860
339 27402
340 28807
341 27907
342 28837
343 28116
344 29333
345 28117
346 27998
347 30551
348 29859
349 30527
350 31718
351 31549
352 28477
353 29893
354 29884
355 33304
356 31044
357 31068
358 32333
359 29972
360 31577
361 30497
362 32331
363 32450
364 31741
365 34163
366 34320
367 34559
368 32517
369 34563
370 32525
371 34501
372 35101
373 31571
374 36802
375 32524
376 35223
377 33001
378 35393
379 35007
380 38117
381 36598
382 36623
383 36188
384 34350
385 37807
386 35412
387 37363
388 37290
389 36469
390 37619
391 37418
392 40883
393 37438
394 38376
395 38992
396 39725
397 39005
398 38653
399 38969
400 37826
401 38894
402 42700
403 39220
404 39859
405 38966
406 40209
407 40852
408 40680
409 40840
410 41182
411 39904
412 44113
413 43497
414 43019
415 42672
416 42344
417 42767
418 43211
419 42687
420 42398
421 43656
422 45681
423 42376
424 44368
425 45290
426 44052
427 45622
428 44257
429 46897
430 46270
431 44805
432 47107
433 46050
434 48471
435 44272
436 46788
437 47024
438 49601
439 48084
440 48386
441 50436
442 47408
443 48755
444 49824
445 51616
446 46238
447 49503
448 49522
449 50754
450 49841
451 49486
452 46956
453 48114
454 48607
455 47499
456 52485
457 50548
458 51277
459 52178
460 52624
461 53221
462 54408
463 54724
464 54154
465 53759
466 52692
467 52240
468 54691
469 56390
470 54381
471 53737
472 53970
473 55349
474 58919
475 58467
476 55023
477 55935
478 56258
479 57469
480 59581
481 56283
482 57317
483 59659
484 57421
485 59197
486 58346
487 59990
488 59661
489 59415
490 59677
491 61127
492 63501
493 62871
494 60448
495 62118
496 63189
497 58152
498 61802
499 63663
