10 19
11 23
12 38
13 43
14 48
15 43
16 57
17 44
18 99
19 96
20 89
21 73
22 78
23 84
24 110
25 105
26 112
27 147
28 160
29 129
30 149
31 143
32 159
33 154
34 150
35 172
36 169
37 161
38 194
39 240
40 211
41 201
42 257
43 240
44 217
45 233
46 231
47 295
48 267
49 304
50 252
51 252
52 304
53 277
54 304
55 381
56 305
57 365
58 389
59 357
60 377
61 461
62 453
63 392
64 452
65 398
66 465
67 430
68 414
69 398
70 456
71 536
72 455
73 510
74 510
75 480
76 604
77 475
78 501
79 482
80 561
81 571
82 556
83 481
84 635
85 664
86 626
87 596
88 573
89 699
90 660
91 611
92 598
93 613
94 712
95 706
96 613
97 713
98 655
99 697
100 769
101 789
102 714
103 813
104 827
105 761
106 852
107 719
108 825
109 749
110 774
111 747
112 961
113 805
114 968
115 806
116 850
117 967
118 924
119 869
120 915
121 1028
122 937
123 1042
124 1089
125 903
126 906
127 1084
128 985
129 918
130 1146
131 1064
132 1131
133 1040
134 991
135 1278
136 1090
137 978
138 1235
139 1203
140 990
141 1109
142 1208
143 1087
144 1193
145 1190
146 1145
147 1082
148 1168
149 1142
150 1158
151 1205
152 1274
153 1413
154 1068
155 1202
156 1201
157 1177
158 1452
159 1344
160 1273
161 1369
162 1227
163 1440
164 1394
165 1361
166 1242
167 1488
168 1240
169 1306
170 1421
171 1377
172 1391
173 1642
174 1437
175 1710
176 1489
177 1539
178 1554
179 1693
180 1706
181 1473
182 1648
183 1405
184 1454
185 1576
186 1672
187 1480
188 1620
189 1676
190 1625
191 1808
192 1480
193 1609
194 1622
195 1608
196 1708
197 1601
198 1552
199 1628
200 1952
201 1840
202 1767
203 1798
204 1611
205 1813
206 2019
207 1883
208 1772
209 1642
210 1847
211 1912
212 1861
213 1838
214 2136
215 1814
216 1792
217 1903
218 2130
219 1882
220 2077
221 2033
222 1889
223 1964
224 1803
225 2084
226 2159
227 1987
228 2301
229 2007
230 2013
231 1866
232 1951
233 2084
234 1912
235 2071
236 2213
237 2476
238 2182
239 2414
240 2022
241 2123
242 1983
243 2326
244 2136
245 2011
246 2340
247 2247
248 2197
249 2022
250 2667
251 2411
252 2350
253 2508
254 2216
255 2283
256 2323
257 2182
258 2493
259 2722
260 2432
261 2493
262 2589
263 2636
264 2641
265 2452
266 2317
267 2399
268 2654
269 2944
270 2763
271 2833
272 2383
273 2796
274 2466
275 2423
276 2710
277 2665
278 2804
279 2533
280 3011
281 2548
282 2850
283 2589
284 2682
285 2642
286 2698
287 2957
288 3056
289 2534
290 2815
291 3058
292 2743
293 2642
294 2608
295 2922
296 2831
297 2981
298 2923
299 2872
300 2748
301 2693
302 2790
303 3044
304 3178
305 2727
306 2914
307 3331
308 2579
309 3069
310 2731
311 3097
312 3098
313 3227
314 2894
315 2813
316 2793
317 3254
318 3139
319 3097
320 3360
321 3293
322 3182
323 2981
324 3294
325 3115
326 3003
327 3196
328 3282
329 3427
330 3224
331 3310
332 2935
333 3648
334 3090
335 3170
336 3282
337 3305
338 3832
339 3330
340 3411
341 3475
342 3114
343 3175
344 3371
345 3326
346 3164
347 3708
348 3690
349 3480
350 3409
351 3794
352 3332
353 3465
354 3259
355 4073
356 3303
357 3427
358 3389
359 3764
360 3530
361 3760
362 3692
363 3365
364 3692
365 3705
366 4418
367 4175
368 3528
369 3286
370 3480
371 3546
372 3563
373 3653
374 3575
375 3860
376 3614
377 3842
378 3558
379 3794
380 4066
381 3476
382 4114
383 3971
384 3415
385 3904
386 3836
387 4006
388 3696
389 3822
390 3639
391 3944
392 3968
393 3796
394 3927
395 3707
396 4195
397 3846
398 3894
399 4076
400 4049
401 4126
402 4355
403 4165
404 3927
405 4324
406 4095
407 4325
408 3939
409 3837
410 5094
411 4072
412 4422
413 4064
414 4204
415 4346
416 4163
417 4532
418 4383
419 4036
420 4570
421 4404
422 4172
423 4129
424 4335
425 4216
426 4162
427 4405
428 4623
429 4490
430 4143
431 4311
432 4939
433 4187
434 4560
435 4433
436 4312
437 4036
438 4663
439 4706
440 4860
441 4890
442 4474
443 4751
444 4924
445 4346
446 4410
447 4568
448 4848
449 4577
450 5233
451 4776
452 4416
453 4810
454 5135
455 4760
456 5027
457 4775
458 4992
459 4678
460 4427
461 4905
462 4717
463 5431
464 4984
465 5336
466 5105
467 4982
468 4744
469 4601
470 5035
471 4820
472 4550
473 4968
474 4652
475 4692
476 5159
477 5074
478 5032
479 5262
480 4810
481 5212
482 4703
483 5494
484 4970
485 5384
486 4924
487 4829
488 5317
489 4811
490 5334
491 5125
492 5581
493 4965
494 5657
495 4616
496 5066
497 5127
498 5049
499 5425
500 5282
501 4992
502 4984
503 5034
504 5061
505 5047
506 5371
507 5247
508 4753
509 4997
510 5316
511 5854
512 5436
513 5449
514 6015
515 5538
516 5344
517 5204
518 5523
519 5084
520 5269
521 5822
522 5391
523 5295
524 5652
525 5428
526 5857
527 5344
528 5204
529 5658
530 6285
531 5637
532 5560
533 5953
534 5816
535 6060
536 6230
537 5739
538 5329
539 5366
540 5558
541 6061
542 7315
543 6360
544 5437
545 5645
546 6469
547 6145
548 5674
549 6515
550 5717
551 5510
552 7231
553 5466
554 5841
555 5574
556 5559
557 5669
558 5670
559 5913
560 5673
561 6152
562 6208
563 5972
564 6322
565 6048
566 6221
567 5802
568 6132
569 6517
570 6162
571 6088
572 6117
573 5813
574 6416
575 6202
576 5933
577 5688
578 6187
579 6106
580 6619
581 6112
582 6063
583 6004
584 6534
585 6691
586 6385
587 6821
588 6598
589 6290
590 6027
591 8312
592 6254
593 5996
594 6195
595 6227
596 7072
597 6969
598 7003
599 6346
600 7335
601 6225
602 7670
603 6599
604 6852
605 7485
606 6266
607 6393
608 6188
609 6259
610 6576
611 6364
612 8026
613 6825
614 7083
615 6651
616 7425
617 6898
618 6744
619 7262
620 6621
621 6556
622 7548
623 7059
624 6370
625 6794
626 6542
627 6772
628 7817
629 6886
630 7413
631 6904
632 6812
633 7227
634 6877
635 6672
636 6606
637 6957
638 7177
639 8309
640 7166
641 7394
642 6628
643 6879
644 6815
645 7750
646 6969
647 6902
648 6961
649 6566
650 6747
651 7050
652 8032
653 7318
654 7355
655 6661
656 7075
657 7529
658 7608
659 7581
660 7388
661 7289
662 7448
663 7252
664 7117
665 7527
666 7825
667 7884
668 8047
669 7459
670 7295
671 6714
672 6936
673 7549
674 6996
675 8217
676 7722
677 7737
678 7987
679 8323
680 7596
681 7678
682 7890
683 8608
684 7404
685 8273
686 7091
687 7303
688 6899
689 7834
690 8080
691 8416
692 7750
693 7864
694 7422
695 7777
696 8307
697 7653
698 8506
699 7712
700 7798
701 7357
702 7971
703 8807
704 8062
705 8231
706 7861
707 8395
708 8258
709 8180
710 7593
711 8887
712 9078
713 8187
714 8273
715 7678
716 8231
717 8313
718 7998
719 7827
720 7449
721 8048
722 7896
723 7846
724 7991
725 8157
726 8479
727 7920
728 8210
729 8167
730 7958
731 8080
732 8368
733 7764
734 8278
735 9009
736 7804
737 9158
738 7638
739 9081
740 8256
741 8155
742 9228
743 7982
744 8218
745 8325
746 8857
747 7961
748 8702
749 10868
750 8133
751 7931
752 9846
753 8510
754 8567
755 8947
756 8196
757 8656
758 9117
759 8195
760 8945
761 8200
762 8072
763 7907
764 8792
765 8488
766 8820
767 8145
768 10230
769 8594
770 8689
771 9490
772 8446
773 9631
774 9428
775 9095
776 10032
777 8968
778 8678
779 9286
780 8828
781 8939
782 9465
783 8962
784 10153
785 9285
786 9103
787 10274
788 9023
789 9318
790 9558
791 9554
792 8813
793 9473
794 8853
795 9387
796 10537
797 8963
798 8835
799 8425
800 9318
801 9449
802 8696
803 9537
804 9703
805 9083
806 9528
807 8946
808 10122
809 8621
810 10809
811 9327
812 9643
813 9310
814 9262
815 9713
816 10779
817 9154
818 10089
819 9456
820 9186
821 9408
822 9109
823 9320
824 9805
825 10087
826 11008
827 9651
828 10013
829 9494
830 9336
831 9992
832 10237
833 9060
834 8956
835 9073
836 9000
837 9219
838 9515
839 9090
840 9388
841 8983
842 9869
843 9409
844 9812
845 9293
846 9450
847 9782
848 9144
849 9581
850 9714
851 10177
852 10177
853 9382
854 10415
855 9641
856 10423
857 9723
858 9483
859 10713
860 9431
861 9931
862 9793
863 9661
864 9748
865 10442
866 10797
867 9627
868 9685
869 11490
870 9836
871 10825
872 10047
873 10457
874 11423
875 9910
876 9835
877 11096
878 10192
879 10407
880 11012
881 10060
882 10312
883 9815
884 10191
885 10576
886 9863
887 9935
888 10345
889 10028
890 10536
891 9972
892 11307
893 10283
894 10253
895 10730
896 10241
897 10620
898 10077
899 11283
900 10486
901 11633
902 10321
903 10553
904 9745
905 11451
906 10462
907 10378
908 10231
909 10774
910 10303
911 10445
912 10612
913 10076
914 10180
915 10041
916 10308
917 11816
918 11169
919 10691
920 10744
921 12542
922 11376
923 10275
924 11413
925 10354
926 11716
927 10696
928 10901
929 10537
930 10920
931 10033
932 11406
933 11324
934 10952
935 12032
936 10820
937 11306
938 11518
939 10885
940 10795
941 11297
942 10769
943 10797
944 11352
945 11923
946 12381
947 11281
948 9967
949 10998
950 11080
951 11157
952 10898
953 11005
954 10957
955 10392
956 11758
957 12053
958 10881
959 10453
960 10613
961 11135
962 11156
963 11191
964 10553
965 12200
966 11308
967 11526
968 11142
969 10517
970 11438
971 11057
972 11579
973 12516
974 11047
975 11409
976 11277
977 11701
978 13918
979 12659
980 11609
981 11277
982 12499
983 12047
984 12881
985 12288
986 11743
987 11740
988 12064
989 12726
990 10836
991 11535
992 13220
993 11832
994 12205
995 11157
996 11788
997 11509
998 12031
999 10954
