10 27
11 41
12 47
13 55
14 49
15 80
16 75
17 71
18 84
19 76
20 96
21 103
22 120
23 108
24 121
25 116
26 147
27 123
28 137
29 136
30 151
31 183
32 169
33 200
34 186
35 214
36 195
37 255
38 207
39 213
40 249
41 225
42 244
43 225
44 237
45 341
46 265
47 328
48 273
49 299
50 299
51 341
52 400
53 358
54 330
55 364
56 375
57 354
58 378
59 427
60 380
61 422
62 393
63 413
64 464
65 448
66 381
67 615
68 513
69 422
70 535
71 550
72 514
73 537
74 479
75 551
76 519
77 608
78 558
79 568
80 575
81 618
82 592
83 543
84 579
85 550
86 644
87 580
88 664
89 671
90 644
91 714
92 631
93 676
94 694
95 720
96 739
97 709
98 715
99 801
100 846
101 729
102 803
103 871
104 891
105 801
106 800
107 754
108 835
109 774
110 811
111 900
112 857
113 832
114 936
115 994
116 1033
117 1195
118 951
119 948
120 931
121 1019
122 939
123 967
124 890
125 938
126 970
127 987
128 1015
129 1006
130 1087
131 1034
132 1038
133 1249
134 1028
135 1085
136 1106
137 1182
138 1157
139 1080
140 1014
141 1134
142 1097
143 1166
144 1212
145 1202
146 1168
147 1269
148 1198
149 1449
150 1288
151 1245
152 1253
153 1216
154 1239
155 1269
156 1207
157 1229
158 1446
159 1311
160 1417
161 1275
162 1379
163 1384
164 1546
165 1279
166 1437
167 1540
168 1495
169 1306
170 1515
171 1452
172 1405
173 1562
174 1509
175 1443
176 1422
177 1454
178 1579
179 1690
180 1594
181 2049
182 1484
183 1554
184 1644
185 1650
186 1883
187 1768
188 1529
189 1677
190 1534
191 2107
192 1656
193 1707
194 1594
195 1778
196 1921
197 1757
198 1890
199 1627
200 1748
201 1967
202 1790
203 1926
204 1718
205 1709
206 1755
207 1887
208 1906
209 1898
210 1816
211 1988
212 1859
213 1989
214 2027
215 1742
216 1984
217 2201
218 2146
219 1908
220 2085
221 2141
222 1881
223 2350
224 1919
225 2122
226 1876
227 1981
228 1906
229 2205
230 2151
231 2012
232 2166
233 2149
234 2206
235 2179
236 2257
237 2337
238 2149
239 2336
240 2392
241 2083
242 2069
243 2146
244 2196
245 2225
246 2545
247 2302
248 2137
249 2244
250 2379
251 2429
252 2397
253 2364
254 2467
255 2399
256 2403
257 2277
258 2404
259 2226
260 2390
261 3048
262 2240
263 2286
264 2452
265 2661
266 2664
267 2675
268 2426
269 2527
270 2447
271 2623
272 2388
273 2698
274 2560
275 2578
276 2747
277 2695
278 2751
279 2871
280 2488
281 2644
282 2647
283 2979
284 2877
285 2661
286 2639
287 2509
288 2556
289 2890
290 2862
291 2874
292 3032
293 2744
294 2784
295 3003
296 2942
297 2819
298 3053
299 2930
300 3251
301 2995
302 3129
303 2865
304 3237
305 2860
306 3004
307 2875
308 2921
309 3459
310 2909
311 2970
312 2969
313 3185
314 3159
315 3174
316 2984
317 3295
318 3121
319 2832
320 3072
321 3095
322 3148
323 3795
324 3216
325 3326
326 3055
327 3175
328 3303
329 3179
330 3724
331 2950
332 3372
333 3460
334 3201
335 3464
336 3463
337 3439
338 3321
339 3134
340 3444
341 3440
342 3470
343 3234
344 3393
345 3692
346 3340
347 3751
348 3422
349 3363
350 3224
351 3239
352 3280
353 3420
354 3336
355 3522
356 3529
357 3364
358 4327
359 3937
360 3464
361 3746
362 3556
363 3350
364 3624
365 3579
366 3359
367 3808
368 3508
369 3939
370 3651
371 3572
372 3874
373 4172
374 4686
375 3545
376 3556
377 4064
378 4006
379 3555
380 3662
381 4091
382 3833
383 3850
384 3813
385 3822
386 4432
387 3769
388 4171
389 4168
390 3943
391 3957
392 4498
393 3807
394 3939
395 4124
396 4241
397 4185
398 4198
399 3778
400 4010
401 4211
402 4214
403 4211
404 4247
405 4335
406 4246
407 4111
408 4158
409 4135
410 4463
411 4730
412 4987
413 4287
414 4179
415 4482
416 4391
417 4746
418 4169
419 4238
420 4185
421 4100
422 4253
423 4349
424 4147
425 4324
426 4121
427 4265
428 4843
429 5093
430 4927
431 4507
432 4925
433 4498
434 4845
435 4736
436 4504
437 4788
438 4857
439 5015
440 4665
441 4568
442 4570
443 4473
444 5029
445 4640
446 4761
447 4612
448 4519
449 4398
450 4443
451 4618
452 4522
453 5171
454 4784
455 4493
456 4749
457 4869
458 4404
459 5068
460 4653
461 4670
462 4732
463 5055
464 5764
465 4999
466 5072
467 4683
468 5149
469 5111
470 5138
471 4937
472 4850
473 5689
474 5070
475 5042
476 4858
477 5224
478 4855
479 5761
480 4969
481 4778
482 4928
483 4943
484 4931
485 5040
486 5484
487 5526
488 5141
489 5495
490 5405
491 6010
492 5125
493 4786
494 5100
495 5702
496 5413
497 4965
498 5085
499 4919
500 5783
501 5188
502 5366
503 5155
504 5296
505 5205
506 5894
507 5635
508 5531
509 5328
510 6454
511 5619
512 5380
513 5300
514 5544
515 6575
516 5699
517 5133
518 5470
519 6671
520 5541
521 5941
522 5654
523 5909
524 6087
525 5187
526 5445
527 5735
528 6248
529 6009
530 5971
531 6285
532 6400
533 5898
534 5490
535 5709
536 6211
537 5280
538 5850
539 6192
540 5660
541 5936
542 5753
543 5744
544 5349
545 5955
546 5541
547 5787
548 5947
549 5730
550 6375
551 5821
552 6084
553 6142
554 5969
555 6006
556 6384
557 5816
558 5954
559 6909
560 5529
561 6410
562 5600
563 6799
564 6428
565 5585
566 5835
567 5949
568 5903
569 6501
570 6424
571 6037
572 6189
573 6829
574 6337
575 6669
576 7087
577 6371
578 6248
579 6602
580 6651
581 7608
582 6805
583 6315
584 6251
585 6627
586 6343
587 6210
588 6425
589 6685
590 6436
591 6338
592 6613
593 6394
594 6559
595 6671
596 8060
597 7310
598 6683
599 6790
600 6656
601 7142
602 6644
603 6204
604 6713
605 6752
606 6972
607 7182
608 6198
609 7058
610 6864
611 6765
612 6466
613 7192
614 6529
615 6992
616 6721
617 6756
618 7815
619 7475
620 6837
621 6568
622 8212
623 6855
624 7244
625 7240
626 7405
627 6984
628 7541
629 7668
630 6414
631 6907
632 6605
633 6403
634 7470
635 7465
636 6645
637 6934
638 6785
639 7201
640 7012
641 6432
642 7157
643 6909
644 7344
645 7295
646 7691
647 6792
648 8085
649 7761
650 7834
651 7028
652 7838
653 8337
654 7779
655 7125
656 7611
657 7719
658 6997
659 7190
660 6779
661 8238
662 7091
663 6872
664 7629
665 7268
666 7254
667 8146
668 8091
669 7265
670 7327
671 7608
672 7311
673 7100
674 7249
675 7406
676 7999
677 7487
678 7364
679 7440
680 7592
681 8267
682 8828
683 8348
684 8170
685 7485
686 7721
687 7272
688 8329
689 8518
690 8252
691 7195
692 7888
693 7594
694 7497
695 8217
696 7847
697 7309
698 7932
699 7614
700 7805
701 7978
702 7759
703 7643
704 8064
705 7748
706 7998
707 7860
708 9173
709 7685
710 8882
711 7963
712 7971
713 8199
714 7696
715 7701
716 8769
717 8972
718 7901
719 8045
720 8298
721 8521
722 7888
723 8388
724 8883
725 9025
726 8160
727 8967
728 8910
729 8018
730 9081
731 7925
732 7894
733 9202
734 8085
735 7934
736 8618
737 8028
738 8603
739 7732
740 8831
741 8579
742 8783
743 9303
744 8707
745 8097
746 8379
747 8707
748 8509
749 8680
750 8654
751 8549
752 8524
753 8554
754 8628
755 8145
756 9747
757 9215
758 9205
759 9187
760 8672
761 8883
762 8409
763 9890
764 8030
765 8766
766 8845
767 9340
768 9099
769 9186
770 8984
771 8678
772 8549
773 9103
774 8546
775 9358
776 9055
777 9965
778 9246
779 8954
780 8943
781 8544
782 10337
783 8767
784 9754
785 9224
786 8830
787 8542
788 9534
789 10215
790 9115
791 9895
792 9651
793 8524
794 9146
795 8754
796 9304
797 9006
798 8770
799 9695
800 8824
801 9231
802 8659
803 9995
804 9466
805 9243
806 9492
807 9223
808 9815
809 8917
810 9974
811 9214
812 9320
813 9151
814 9520
815 10622
816 10400
817 8897
818 10756
819 9752
820 10800
821 9295
822 8720
823 10975
824 9903
825 10161
826 10172
827 9951
828 9701
829 9701
830 10360
831 9092
832 9765
833 9355
834 9721
835 9902
836 10274
837 11430
838 10622
839 9651
840 11537
841 9838
842 9129
843 9837
844 10733
845 9929
846 10810
847 9608
848 9153
849 10804
850 9583
851 9876
852 10027
853 11553
854 10630
855 9992
856 9633
857 10766
858 10271
859 10822
860 12199
861 10235
862 10010
863 9219
864 9971
865 11059
866 11399
867 9888
868 10575
869 10949
870 9769
871 11793
872 9837
873 10304
874 10432
875 9836
876 10986
877 10643
878 10813
879 10615
880 10107
881 10670
882 9782
883 10453
884 10459
885 10477
886 10736
887 10981
888 10144
889 10285
890 11868
891 10217
892 12256
893 10180
894 11555
895 11148
896 9941
897 11813
898 10020
899 10173
900 10789
901 11750
902 10680
903 10571
904 11134
905 10401
906 10797
907 10605
908 11237
909 10187
910 10273
911 11338
912 10172
913 10229
914 10462
915 10820
916 10626
917 10622
918 11317
919 11013
920 10376
921 10991
922 12528
923 11143
924 11080
925 10432
926 11699
927 10853
928 10891
929 10994
930 10571
931 11970
932 9914
933 11767
934 11791
935 11408
936 11267
937 10637
938 10674
939 11204
940 10933
941 11357
942 11468
943 10869
944 11020
945 11452
946 10551
947 11420
948 10679
949 11343
950 11402
951 11524
952 10847
953 10955
954 11269
955 11653
956 10844
957 11388
958 12141
959 11018
960 11753
961 12051
962 11434
963 10979
964 11685
965 12580
966 11268
967 12195
968 12878
969 11800
970 12424
971 12424
972 12524
973 11933
974 11337
975 11496
976 12927
977 12072
978 11927
979 11746
980 12103
981 12076
982 11414
983 12336
984 12691
985 12252
986 12048
987 11812
988 11078
989 10971
990 12299
991 11950
992 12297
993 12066
994 11440
995 11857
996 10917
997 11994
998 13385
999 12245
